4554292001
4554292002
4554292003
4554292004
4554292005
4554292006
4554292007
4554292008
4554292009
4554292010
4554292011
4554292012
4554292013
4554292014
4554292015
4554292016
4554292017
4554292018
4554292019
4554292020
4554292021
4554292022
4554292023
4554292024
4554292025
4554292026
4554292027
4554292028
4554292029
4554292030
4554292031
4554292032
4554292033
4554292034
4554292035
4554292036
4554292037
4554292038
4554292039
4554292040
4554292041
4554292042
4554292043
4554292044
4554292045
4554292046
4554292047
4554292048
4554292049
4554292050
4554292051
4554292052
4554292053
4554292054
4554292055
4554292056
4554292057
4554292058
4554292059
4554292060
4554292061
4554292062
4554292063
4554292064
4554292065
4554292066
4554292067
4554292068
4554292069
4554292070
4554292071
4554292072
4554292073
4554292074
4554292075
4554292076
4554292077
4554292078
4554292079
4554292080
4554292081
4554292082
4554292083
4554292084
4554292085
4554292086
4554292087
4554292088
4554292089
4554292090
4554292091
4554292092
4554292093
4554292094
4554292095
4554292096
4554292097
4554292098
4554292099
4554292100
4554292101
4554292102
4554292103
4554292104
4554292105
4554292106
4554292107
4554292108
4554292109
4554292110
4554292111
4554292112
4554292113
4554292114
4554292115
4554292116
4554292117
4554292118
4554292119
4554292120
4554292121
4554292122
4554292123
4554292124
4554292125
4554292126
4554292127
4554292128
4554292129
4554292130
4554292131
4554292132
4554292133
4554292134
4554292135
4554292136
4554292137
4554292138
4554292139
4554292140
4554292141
4554292142
4554292143
4554292144
4554292145
4554292146
4554292147
4554292148
4554292149
4554292150
4554292151
4554292152
4554292153
4554292154
4554292155
4554292156
4554292157
4554292158
4554292159
4554292160
4554292161
4554292162
4554292163
4554292164
4554292165
4554292166
4554292167
4554292168
4554292169
4554292170
4554292171
4554292172
4554292173
4554292174
4554292175
4554292176
4554292177
4554292178
4554292179
4554292180
4554292181
4554292182
4554292183
4554292184
4554292185
4554292186
4554292187
4554292188
4554292189
4554292190
4554292191
4554292192
4554292193
4554292194
4554292195
4554292196
4554292197
4554292198
4554292199
4554292200
4554292201
4554292202
4554292203
4554292204
4554292205
4554292206
4554292207
4554292208
4554292209
4554292210
4554292211
4554292212
4554292213
4554292214
4554292215
4554292216
4554292217
4554292218
4554292219
4554292220
4554292221
4554292222
4554292223
4554292224
4554292225
4554292226
4554292227
4554292228
4554292229
4554292230
4554292231
4554292232
4554292233
4554292234
4554292235
4554292236
4554292237
4554292238
4554292239
4554292240
4554292241
4554292242
4554292243
4554292244
4554292245
4554292246
4554292247
4554292248
4554292249
4554292250
4554292251
4554292252
4554292253
4554292254
4554292255
4554292256
4554292257
4554292258
4554292259
4554292260
4554292261
4554292262
4554292263
4554292264
4554292265
4554292266
4554292267
4554292268
4554292269
4554292270
4554292271
4554292272
4554292273
4554292274
4554292275
4554292276
4554292277
4554292278
4554292279
4554292280
4554292281
4554292282
4554292283
4554292284
4554292285
4554292286
4554292287
4554292288
4554292289
4554292290
4554292291
4554292292
4554292293
4554292294
4554292295
4554292296
4554292297
4554292298
4554292299
4554292300
4554292301
4554292302
4554292303
4554292304
4554292305
4554292306
4554292307
4554292308
4554292309
4554292310
4554292311
4554292312
4554292313
4554292314
4554292315
4554292316
4554292317
4554292318
4554292319
4554292320
4554292321
4554292322
4554292323
4554292324
4554292325
4554292326
4554292327
4554292328
4554292329
4554292330
4554292331
4554292332
4554292333
4554292334
4554292335
4554292336
4554292337
4554292338
4554292339
4554292340
4554292341
4554292342
4554292343
4554292344
4554292345
4554292346
4554292347
4554292348
4554292349
4554292350
4554292351
4554292352
4554292353
4554292354
4554292355
4554292356
4554292357
4554292358
4554292359
4554292360
4554292361
4554292362
4554292363
4554292364
4554292365
4554292366
4554292367
4554292368
4554292369
4554292370
4554292371
4554292372
4554292373
4554292374
4554292375
4554292376
4554292377
4554292378
4554292379
4554292380
4554292381
4554292382
4554292383
4554292384
4554292385
4554292386
4554292387
4554292388
4554292389
4554292390
4554292391
4554292392
4554292393
4554292394
4554292395
4554292396
4554292397
4554292398
4554292399
4554292400
4554292401
4554292402
4554292403
4554292404
4554292405
4554292406
4554292407
4554292408
4554292409
4554292410
4554292411
4554292412
4554292413
4554292414
4554292415
4554292416
4554292417
4554292418
4554292419
4554292420
4554292421
4554292422
4554292423
4554292424
4554292425
4554292426
4554292427
4554292428
4554292429
4554292430
4554292431
4554292432
4554292433
4554292434
4554292435
4554292436
4554292437
4554292438
4554292439
4554292440
4554292441
4554292442
4554292443
4554292444
4554292445
4554292446
4554292447
4554292448
4554292449
4554292450
4554292451
4554292452
4554292453
4554292454
4554292455
4554292456
4554292457
4554292458
4554292459
4554292460
4554292461
4554292462
4554292463
4554292464
4554292465
4554292466
4554292467
4554292468
4554292469
4554292470
4554292471
4554292472
4554292473
4554292474
4554292475
4554292476
4554292477
4554292478
4554292479
4554292480
4554292481
4554292482
4554292483
4554292484
4554292485
4554292486
4554292487
4554292488
4554292489
4554292490
4554292491
4554292492
4554292493
4554292494
4554292495
4554292496
4554292497
4554292498
4554292499
4554292500
4554292501
4554292502
4554292503
4554292504
4554292505
4554292506
4554292507
4554292508
4554292509
4554292510
4554292511
4554292512
4554292513
4554292514
4554292515
4554292516
4554292517
4554292518
4554292519
4554292520
4554292521
4554292522
4554292523
4554292524
4554292525
4554292526
4554292527
4554292528
4554292529
4554292530
4554292531
4554292532
4554292533
4554292534
4554292535
4554292536
4554292537
4554292538
4554292539
4554292540
4554292541
4554292542
4554292543
4554292544
4554292545
4554292546
4554292547
4554292548
4554292549
4554292550
4554292551
4554292552
4554292553
4554292554
4554292555
4554292556
4554292557
4554292558
4554292559
4554292560
4554292561
4554292562
4554292563
4554292564
4554292565
4554292566
4554292567
4554292568
4554292569
4554292570
4554292571
4554292572
4554292573
4554292574
4554292575
4554292576
4554292577
4554292578
4554292579
4554292580
4554292581
4554292582
4554292583
4554292584
4554292585
4554292586
4554292587
4554292588
4554292589
4554292590
4554292591
4554292592
4554292593
4554292594
4554292595
4554292596
4554292597
4554292598
4554292599
4554292600
4554292601
4554292602
4554292603
4554292604
4554292605
4554292606
4554292607
4554292608
4554292609
4554292610
4554292611
4554292612
4554292613
4554292614
4554292615
4554292616
4554292617
4554292618
4554292619
4554292620
4554292621
4554292622
4554292623
4554292624
4554292625
4554292626
4554292627
4554292628
4554292629
4554292630
4554292631
4554292632
4554292633
4554292634
4554292635
4554292636
4554292637
4554292638
4554292639
4554292640
4554292641
4554292642
4554292643
4554292644
4554292645
4554292646
4554292647
4554292648
4554292649
4554292650
4554292651
4554292652
4554292653
4554292654
4554292655
4554292656
4554292657
4554292658
4554292659
4554292660
4554292661
4554292662
4554292663
4554292664
4554292665
4554292666
4554292667
4554292668
4554292669
4554292670
4554292671
4554292672
4554292673
4554292674
4554292675
4554292676
4554292677
4554292678
4554292679
4554292680
4554292681
4554292682
4554292683
4554292684
4554292685
4554292686
4554292687
4554292688
4554292689
4554292690
4554292691
4554292692
4554292693
4554292694
4554292695
4554292696
4554292697
4554292698
4554292699
4554292700
4554292701
4554292702
4554292703
4554292704
4554292705
4554292706
4554292707
4554292708
4554292709
4554292710
4554292711
4554292712
4554292713
4554292714
4554292715
4554292716
4554292717
4554292718
4554292719
4554292720
4554292721
4554292722
4554292723
4554292724
4554292725
4554292726
4554292727
4554292728
4554292729
4554292730
4554292731
4554292732
4554292733
4554292734
4554292735
4554292736
4554292737
4554292738
4554292739
4554292740
4554292741
4554292742
4554292743
4554292744
4554292745
4554292746
4554292747
4554292748
4554292749
4554292750
4554292751
4554292752
4554292753
4554292754
4554292755
4554292756
4554292757
4554292758
4554292759
4554292760
4554292761
4554292762
4554292763
4554292764
4554292765
4554292766
4554292767
4554292768
4554292769
4554292770
4554292771
4554292772
4554292773
4554292774
4554292775
4554292776
4554292777
4554292778
4554292779
4554292780
4554292781
4554292782
4554292783
4554292784
4554292785
4554292786
4554292787
4554292788
4554292789
4554292790
4554292791
4554292792
4554292793
4554292794
4554292795
4554292796
4554292797
4554292798
4554292799
4554292800
4554292801
4554292802
4554292803
4554292804
4554292805
4554292806
4554292807
4554292808
4554292809
4554292810
4554292811
4554292812
4554292813
4554292814
4554292815
4554292816
4554292817
4554292818
4554292819
4554292820
4554292821
4554292822
4554292823
4554292824
4554292825
4554292826
4554292827
4554292828
4554292829
4554292830
4554292831
4554292832
4554292833
4554292834
4554292835
4554292836
4554292837
4554292838
4554292839
4554292840
4554292841
4554292842
4554292843
4554292844
4554292845
4554292846
4554292847
4554292848
4554292849
4554292850
4554292851
4554292852
4554292853
4554292854
4554292855
4554292856
4554292857
4554292858
4554292859
4554292860
4554292861
4554292862
4554292863
4554292864
4554292865
4554292866
4554292867
4554292868
4554292869
4554292870
4554292871
4554292872
4554292873
4554292874
4554292875
4554292876
4554292877
4554292878
4554292879
4554292880
4554292881
4554292882
4554292883
4554292884
4554292885
4554292886
4554292887
4554292888
4554292889
4554292890
4554292891
4554292892
4554292893
4554292894
4554292895
4554292896
4554292897
4554292898
4554292899
4554292900
4554292901
4554292902
4554292903
4554292904
4554292905
4554292906
4554292907
4554292908
4554292909
4554292910
4554292911
4554292912
4554292913
4554292914
4554292915
4554292916
4554292917
4554292918
4554292919
4554292920
4554292921
4554292922
4554292923
4554292924
4554292925
4554292926
4554292927
4554292928
4554292929
4554292930
4554292931
4554292932
4554292933
4554292934
4554292935
4554292936
4554292937
4554292938
4554292939
4554292940
4554292941
4554292942
4554292943
4554292944
4554292945
4554292946
4554292947
4554292948
4554292949
4554292950
4554292951
4554292952
4554292953
4554292954
4554292955
4554292956
4554292957
4554292958
4554292959
4554292960
4554292961
4554292962
4554292963
4554292964
4554292965
4554292966
4554292967
4554292968
4554292969
4554292970
4554292971
4554292972
4554292973
4554292974
4554292975
4554292976
4554292977
4554292978
4554292979
4554292980
4554292981
4554292982
4554292983
4554292984
4554292985
4554292986
4554292987
4554292988
4554292989
4554292990
4554292991
4554292992
4554292993
4554292994
4554292995
4554292996
4554292997
4554292998
4554292999
4554293001
4554293002
4554293003
4554293004
4554293005
4554293006
4554293007
4554293008
4554293009
4554293010
4554293011
4554293012
4554293013
4554293014
4554293015
4554293016
4554293017
4554293018
4554293019
4554293020
4554293021
4554293022
4554293023
4554293024
4554293025
4554293026
4554293027
4554293028
4554293029
4554293030
4554293031
4554293032
4554293033
4554293034
4554293035
4554293036
4554293037
4554293038
4554293039
4554293040
4554293041
4554293042
4554293043
4554293044
4554293045
4554293046
4554293047
4554293048
4554293049
4554293050
4554293051
4554293052
4554293053
4554293054
4554293055
4554293056
4554293057
4554293058
4554293059
4554293060
4554293061
4554293062
4554293063
4554293064
4554293065
4554293066
4554293067
4554293068
4554293069
4554293070
4554293071
4554293072
4554293073
4554293074
4554293075
4554293076
4554293077
4554293078
4554293079
4554293080
4554293081
4554293082
4554293083
4554293084
4554293085
4554293086
4554293087
4554293088
4554293089
4554293090
4554293091
4554293092
4554293093
4554293094
4554293095
4554293096
4554293097
4554293098
4554293099
4554293100
4554293101
4554293102
4554293103
4554293104
4554293105
4554293106
4554293107
4554293108
4554293109
4554293110
4554293111
4554293112
4554293113
4554293114
4554293115
4554293116
4554293117
4554293118
4554293119
4554293120
4554293121
4554293122
4554293123
4554293124
4554293125
4554293126
4554293127
4554293128
4554293129
4554293130
4554293131
4554293132
4554293133
4554293134
4554293135
4554293136
4554293137
4554293138
4554293139
4554293140
4554293141
4554293142
4554293143
4554293144
4554293145
4554293146
4554293147
4554293148
4554293149
4554293150
4554293151
4554293152
4554293153
4554293154
4554293155
4554293156
4554293157
4554293158
4554293159
4554293160
4554293161
4554293162
4554293163
4554293164
4554293165
4554293166
4554293167
4554293168
4554293169
4554293170
4554293171
4554293172
4554293173
4554293174
4554293175
4554293176
4554293177
4554293178
4554293179
4554293180
4554293181
4554293182
4554293183
4554293184
4554293185
4554293186
4554293187
4554293188
4554293189
4554293190
4554293191
4554293192
4554293193
4554293194
4554293195
4554293196
4554293197
4554293198
4554293199
4554293200
4554293201
4554293202
4554293203
4554293204
4554293205
4554293206
4554293207
4554293208
4554293209
4554293210
4554293211
4554293212
4554293213
4554293214
4554293215
4554293216
4554293217
4554293218
4554293219
4554293220
4554293221
4554293222
4554293223
4554293224
4554293225
4554293226
4554293227
4554293228
4554293229
4554293230
4554293231
4554293232
4554293233
4554293234
4554293235
4554293236
4554293237
4554293238
4554293239
4554293240
4554293241
4554293242
4554293243
4554293244
4554293245
4554293246
4554293247
4554293248
4554293249
4554293250
4554293251
4554293252
4554293253
4554293254
4554293255
4554293256
4554293257
4554293258
4554293259
4554293260
4554293261
4554293262
4554293263
4554293264
4554293265
4554293266
4554293267
4554293268
4554293269
4554293270
4554293271
4554293272
4554293273
4554293274
4554293275
4554293276
4554293277
4554293278
4554293279
4554293280
4554293281
4554293282
4554293283
4554293284
4554293285
4554293286
4554293287
4554293288
4554293289
4554293290
4554293291
4554293292
4554293293
4554293294
4554293295
4554293296
4554293297
4554293298
4554293299
4554293300
4554293301
4554293302
4554293303
4554293304
4554293305
4554293306
4554293307
4554293308
4554293309
4554293310
4554293311
4554293312
4554293313
4554293314
4554293315
4554293316
4554293317
4554293318
4554293319
4554293320
4554293321
4554293322
4554293323
4554293324
4554293325
4554293326
4554293327
4554293328
4554293329
4554293330
4554293331
4554293332
4554293333
4554293334
4554293335
4554293336
4554293337
4554293338
4554293339
4554293340
4554293341
4554293342
4554293343
4554293344
4554293345
4554293346
4554293347
4554293348
4554293349
4554293350
4554293351
4554293352
4554293353
4554293354
4554293355
4554293356
4554293357
4554293358
4554293359
4554293360
4554293361
4554293362
4554293363
4554293364
4554293365
4554293366
4554293367
4554293368
4554293369
4554293370
4554293371
4554293372
4554293373
4554293374
4554293375
4554293376
4554293377
4554293378
4554293379
4554293380
4554293381
4554293382
4554293383
4554293384
4554293385
4554293386
4554293387
4554293388
4554293389
4554293390
4554293391
4554293392
4554293393
4554293394
4554293395
4554293396
4554293397
4554293398
4554293399
4554293400
4554293401
4554293402
4554293403
4554293404
4554293405
4554293406
4554293407
4554293408
4554293409
4554293410
4554293411
4554293412
4554293413
4554293414
4554293415
4554293416
4554293417
4554293418
4554293419
4554293420
4554293421
4554293422
4554293423
4554293424
4554293425
4554293426
4554293427
4554293428
4554293429
4554293430
4554293431
4554293432
4554293433
4554293434
4554293435
4554293436
4554293437
4554293438
4554293439
4554293440
4554293441
4554293442
4554293443
4554293444
4554293445
4554293446
4554293447
4554293448
4554293449
4554293450
4554293451
4554293452
4554293453
4554293454
4554293455
4554293456
4554293457
4554293458
4554293459
4554293460
4554293461
4554293462
4554293463
4554293464
4554293465
4554293466
4554293467
4554293468
4554293469
4554293470
4554293471
4554293472
4554293473
4554293474
4554293475
4554293476
4554293477
4554293478
4554293479
4554293480
4554293481
4554293482
4554293483
4554293484
4554293485
4554293486
4554293487
4554293488
4554293489
4554293490
4554293491
4554293492
4554293493
4554293494
4554293495
4554293496
4554293497
4554293498
4554293499
4554293500
4554293501
4554293502
4554293503
4554293504
4554293505
4554293506
4554293507
4554293508
4554293509
4554293510
4554293511
4554293512
4554293513
4554293514
4554293515
4554293516
4554293517
4554293518
4554293519
4554293520
4554293521
4554293522
4554293523
4554293524
4554293525
4554293526
4554293527
4554293528
4554293529
4554293530
4554293531
4554293532
4554293533
4554293534
4554293535
4554293536
4554293537
4554293538
4554293539
4554293540
4554293541
4554293542
4554293543
4554293544
4554293545
4554293546
4554293547
4554293548
4554293549
4554293550
4554293551
4554293552
4554293553
4554293554
4554293555
4554293556
4554293557
4554293558
4554293559
4554293560
4554293561
4554293562
4554293563
4554293564
4554293565
4554293566
4554293567
4554293568
4554293569
4554293570
4554293571
4554293572
4554293573
4554293574
4554293575
4554293576
4554293577
4554293578
4554293579
4554293580
4554293581
4554293582
4554293583
4554293584
4554293585
4554293586
4554293587
4554293588
4554293589
4554293590
4554293591
4554293592
4554293593
4554293594
4554293595
4554293596
4554293597
4554293598
4554293599
4554293600
4554293601
4554293602
4554293603
4554293604
4554293605
4554293606
4554293607
4554293608
4554293609
4554293610
4554293611
4554293612
4554293613
4554293614
4554293615
4554293616
4554293617
4554293618
4554293619
4554293620
4554293621
4554293622
4554293623
4554293624
4554293625
4554293626
4554293627
4554293628
4554293629
4554293630
4554293631
4554293632
4554293633
4554293634
4554293635
4554293636
4554293637
4554293638
4554293639
4554293640
4554293641
4554293642
4554293643
4554293644
4554293645
4554293646
4554293647
4554293648
4554293649
4554293650
4554293651
4554293652
4554293653
4554293654
4554293655
4554293656
4554293657
4554293658
4554293659
4554293660
4554293661
4554293662
4554293663
4554293664
4554293665
4554293666
4554293667
4554293668
4554293669
4554293670
4554293671
4554293672
4554293673
4554293674
4554293675
4554293676
4554293677
4554293678
4554293679
4554293680
4554293681
4554293682
4554293683
4554293684
4554293685
4554293686
4554293687
4554293688
4554293689
4554293690
4554293691
4554293692
4554293693
4554293694
4554293695
4554293696
4554293697
4554293698
4554293699
4554293700
4554293701
4554293702
4554293703
4554293704
4554293705
4554293706
4554293707
4554293708
4554293709
4554293710
4554293711
4554293712
4554293713
4554293714
4554293715
4554293716
4554293717
4554293718
4554293719
4554293720
4554293721
4554293722
4554293723
4554293724
4554293725
4554293726
4554293727
4554293728
4554293729
4554293730
4554293731
4554293732
4554293733
4554293734
4554293735
4554293736
4554293737
4554293738
4554293739
4554293740
4554293741
4554293742
4554293743
4554293744
4554293745
4554293746
4554293747
4554293748
4554293749
4554293750
4554293751
4554293752
4554293753
4554293754
4554293755
4554293756
4554293757
4554293758
4554293759
4554293760
4554293761
4554293762
4554293763
4554293764
4554293765
4554293766
4554293767
4554293768
4554293769
4554293770
4554293771
4554293772
4554293773
4554293774
4554293775
4554293776
4554293777
4554293778
4554293779
4554293780
4554293781
4554293782
4554293783
4554293784
4554293785
4554293786
4554293787
4554293788
4554293789
4554293790
4554293791
4554293792
4554293793
4554293794
4554293795
4554293796
4554293797
4554293798
4554293799
4554293800
4554293801
4554293802
4554293803
4554293804
4554293805
4554293806
4554293807
4554293808
4554293809
4554293810
4554293811
4554293812
4554293813
4554293814
4554293815
4554293816
4554293817
4554293818
4554293819
4554293820
4554293821
4554293822
4554293823
4554293824
4554293825
4554293826
4554293827
4554293828
4554293829
4554293830
4554293831
4554293832
4554293833
4554293834
4554293835
4554293836
4554293837
4554293838
4554293839
4554293840
4554293841
4554293842
4554293843
4554293844
4554293845
4554293846
4554293847
4554293848
4554293849
4554293850
4554293851
4554293852
4554293853
4554293854
4554293855
4554293856
4554293857
4554293858
4554293859
4554293860
4554293861
4554293862
4554293863
4554293864
4554293865
4554293866
4554293867
4554293868
4554293869
4554293870
4554293871
4554293872
4554293873
4554293874
4554293875
4554293876
4554293877
4554293878
4554293879
4554293880
4554293881
4554293882
4554293883
4554293884
4554293885
4554293886
4554293887
4554293888
4554293889
4554293890
4554293891
4554293892
4554293893
4554293894
4554293895
4554293896
4554293897
4554293898
4554293899
4554293900
4554293901
4554293902
4554293903
4554293904
4554293905
4554293906
4554293907
4554293908
4554293909
4554293910
4554293911
4554293912
4554293913
4554293914
4554293915
4554293916
4554293917
4554293918
4554293919
4554293920
4554293921
4554293922
4554293923
4554293924
4554293925
4554293926
4554293927
4554293928
4554293929
4554293930
4554293931
4554293932
4554293933
4554293934
4554293935
4554293936
4554293937
4554293938
4554293939
4554293940
4554293941
4554293942
4554293943
4554293944
4554293945
4554293946
4554293947
4554293948
4554293949
4554293950
4554293951
4554293952
4554293953
4554293954
4554293955
4554293956
4554293957
4554293958
4554293959
4554293960
4554293961
4554293962
4554293963
4554293964
4554293965
4554293966
4554293967
4554293968
4554293969
4554293970
4554293971
4554293972
4554293973
4554293974
4554293975
4554293976
4554293977
4554293978
4554293979
4554293980
4554293981
4554293982
4554293983
4554293984
4554293985
4554293986
4554293987
4554293988
4554293989
4554293990
4554293991
4554293992
4554293993
4554293994
4554293995
4554293996
4554293997
4554293998
4554293999